BoneCount: 67
RootBone: 0
BoneName: RootNode
BoneIndex: 0
ParentIndex: -1
ChildCount: 2
1
2
1.000000 0.000000 -0.000000 0.000000
0.000000 1.000000 -0.000000 0.000000
-0.000000 -0.000000 1.000000 -0.000000
0.000000 0.000000 -0.000000 1.000000
1.000000 0.000000 0.000000 0.000000
0.000000 1.000000 0.000000 0.000000
0.000000 0.000000 1.000000 0.000000
0.000000 0.000000 0.000000 1.000000
BoneName: Ch10
BoneIndex: 1
ParentIndex: 0
ChildCount: 0
1.000000 0.000000 -0.000000 0.000000
0.000000 1.000000 -0.000000 0.000000
-0.000000 -0.000000 1.000000 -0.000000
0.000000 0.000000 -0.000000 1.000000
1.000000 0.000000 0.000000 0.000000
0.000000 1.000000 0.000000 0.000000
0.000000 0.000000 1.000000 0.000000
0.000000 0.000000 0.000000 1.000000
BoneName: mixamorig5:Hips
BoneIndex: 2
ParentIndex: 0
ChildCount: 3
3
57
62
1.000000 0.000000 -0.000000 0.000000
0.000000 1.000000 -0.000000 0.000000
-0.000000 -0.000000 1.000000 -0.000000
-0.000299 10.515626 -0.239870 1.000000
1.000000 0.000000 -0.000000 0.000000
0.000000 1.000000 -0.000000 0.000000
-0.000000 -0.000000 1.000000 -0.000000
0.000299 -10.515626 0.239870 1.000000
BoneName: mixamorig5:Spine
BoneIndex: 3
ParentIndex: 2
ChildCount: 1
4
1.000000 0.000000 -0.000000 0.000000
0.000000 0.988348 0.152214 0.000000
-0.000000 -0.152214 0.988348 -0.000000
0.000000 0.883605 0.136083 1.000000
1.000000 0.000000 -0.000000 0.000000
0.000000 0.988348 -0.152214 0.000000
-0.000000 0.152214 0.988348 -0.000000
0.000299 -11.250605 1.837700 1.000000
BoneName: mixamorig5:Spine1
BoneIndex: 4
ParentIndex: 3
ChildCount: 1
5
1.000000 0.000000 -0.000000 0.000000
0.000000 1.000000 -0.000000 0.000000
-0.000000 -0.000000 1.000000 -0.000000
0.000000 1.043025 0.000000 1.000000
1.000000 0.000000 -0.000000 0.000000
0.000000 0.988348 -0.152214 0.000000
-0.000000 0.152214 0.988348 -0.000000
0.000299 -12.293630 1.837700 1.000000
BoneName: mixamorig5:Spine2
BoneIndex: 5
ParentIndex: 4
ChildCount: 3
6
9
33
1.000000 0.000000 -0.000000 0.000000
0.000000 1.000000 -0.000000 0.000000
-0.000000 -0.000000 1.000000 -0.000000
0.000000 1.192029 0.000000 1.000000
1.000000 0.000000 -0.000000 0.000000
0.000000 0.988348 -0.152214 0.000000
-0.000000 0.152214 0.988348 -0.000000
0.000299 -13.485659 1.837700 1.000000
BoneName: mixamorig5:Neck
BoneIndex: 6
ParentIndex: 5
ChildCount: 1
7
1.000000 0.000000 -0.000000 0.000000
0.000000 0.988348 -0.152214 0.000000
-0.000000 0.152214 0.988348 -0.000000
0.000000 1.341034 -0.000000 1.000000
1.000000 0.000000 -0.000000 0.000000
0.000000 1.000000 -0.000000 0.000000
-0.000000 -0.000000 1.000000 -0.000000
0.000299 -14.933649 -0.440543 1.000000
BoneName: mixamorig5:Head
BoneIndex: 7
ParentIndex: 6
ChildCount: 1
8
1.000000 0.000000 -0.000000 0.000000
0.000000 1.000000 -0.000000 0.000000
-0.000000 -0.000000 1.000000 -0.000000
0.000000 0.639114 -0.321745 1.000000
1.000000 0.000000 -0.000000 0.000000
0.000000 1.000000 -0.000000 0.000000
-0.000000 -0.000000 1.000000 -0.000000
0.000299 -15.572763 -0.118798 1.000000
BoneName: mixamorig5:HeadTop_End
BoneIndex: 8
ParentIndex: 7
ChildCount: 0
1.000000 0.000000 -0.000000 0.000000
0.000000 1.000000 -0.000000 0.000000
-0.000000 -0.000000 1.000000 -0.000000
0.000000 1.978102 -0.995824 1.000000
1.000000 0.000000 0.000000 0.000000
0.000000 1.000000 0.000000 0.000000
0.000000 0.000000 1.000000 0.000000
0.000000 0.000000 0.000000 1.000000
BoneName: mixamorig5:LeftShoulder
BoneIndex: 9
ParentIndex: 5
ChildCount: 1
10
-0.042602 0.000970 0.999092 0.000000
0.968664 -0.244875 0.041542 0.000000
0.244693 0.969554 0.009492 -0.000000
0.632233 1.189475 0.025804 1.000000
-0.042602 0.968664 0.244693 0.000000
-0.151117 -0.248345 0.956812 0.000000
0.987597 0.003784 0.156962 -0.000000
1.822938 3.056710 -14.365768 1.000000
BoneName: mixamorig5:LeftArm
BoneIndex: 10
ParentIndex: 9
ChildCount: 1
11
0.999685 0.025093 0.000000 0.000000
-0.024854 0.990178 0.137588 0.000000
0.003452 -0.137545 0.990489 -0.000000
-0.000000 1.286373 0.000000 1.000000
-0.018282 0.993875 0.108984 0.000000
-0.157301 -0.110503 0.981349 0.000000
0.987381 0.000797 0.158358 -0.000000
1.866787 -0.268922 -14.466350 1.000000
BoneName: mixamorig5:LeftForeArm
BoneIndex: 11
ParentIndex: 10
ChildCount: 1
12
0.996331 0.085580 0.000000 0.000000
-0.084800 0.987240 0.134782 0.000000
0.011535 -0.134288 0.990875 -0.000000
0.000000 2.691895 0.000000 1.000000
0.066842 0.997433 -0.025687 0.000000
-0.166181 0.036514 0.985419 0.000000
0.983827 -0.061599 0.168195 -0.000000
1.606550 -5.031149 -13.915214 1.000000
BoneName: mixamorig5:LeftHand
BoneIndex: 12
ParentIndex: 11
ChildCount: 5
13
17
21
25
29
0.966828 0.034989 0.253021 0.000000
-0.004449 0.992730 -0.120278 0.000000
-0.255390 0.115162 0.959955 -0.000000
0.000000 2.478951 -0.000000 1.000000
0.093024 0.992974 0.073137 0.000000
0.089941 -0.081536 0.992604 0.000000
0.991593 -0.085758 -0.096894 -0.000000
-2.230358 -5.788959 -14.633155 1.000000
BoneName: mixamorig5:LeftHandThumb1
BoneIndex: 13
ParentIndex: 12
ChildCount: 1
14
0.841885 0.539657 -0.000000 0.000000
-0.507141 0.791160 -0.341868 0.000000
-0.184491 0.287813 0.939748 -0.000000
-0.286893 0.340676 -0.160661 1.000000
0.614181 0.713422 0.337360 0.000000
0.031719 -0.449460 0.892737 0.000000
0.788528 -0.537601 -0.298678 -0.000000
-4.944072 1.083768 -15.006136 1.000000
BoneName: mixamorig5:LeftHandThumb2
BoneIndex: 14
ParentIndex: 13
ChildCount: 1
15
1.000000 0.000000 -0.000000 0.000000
0.000000 0.989855 -0.142083 0.000000
-0.000000 0.142083 0.989855 -0.000000
-0.046146 0.375959 -0.000000 1.000000
0.614181 0.658251 0.435302 0.000000
0.031719 -0.571743 0.819820 0.000000
0.788528 -0.489710 -0.372032 -0.000000
-4.897926 2.832742 -14.753328 1.000000
BoneName: mixamorig5:LeftHandThumb3
BoneIndex: 15
ParentIndex: 14
ChildCount: 1
16
1.000000 0.000000 -0.000000 0.000000
0.000000 0.993882 0.110448 0.000000
-0.000000 -0.110448 0.993882 -0.000000
-0.002881 0.314144 0.000000 1.000000
0.614181 0.702302 0.359937 0.000000
0.031719 -0.477698 0.877952 0.000000
0.788528 -0.527804 -0.315669 -0.000000
-4.895045 0.873718 -14.941240 1.000000
BoneName: mixamorig5:LeftHandThumb4
BoneIndex: 16
ParentIndex: 15
ChildCount: 0
1.000000 0.000000 -0.000000 0.000000
0.000000 1.000000 -0.000000 0.000000
-0.000000 -0.000000 1.000000 -0.000000
0.049027 0.231273 0.000000 1.000000
1.000000 0.000000 0.000000 0.000000
0.000000 1.000000 0.000000 0.000000
0.000000 0.000000 1.000000 0.000000
0.000000 0.000000 0.000000 1.000000
BoneName: mixamorig5:LeftHandIndex1
BoneIndex: 17
ParentIndex: 12
ChildCount: 1
18
0.992511 0.122154 -0.000000 0.000000
-0.120215 0.976759 -0.177456 0.000000
-0.021677 0.176127 0.984129 -0.000000
-0.353969 1.024167 0.013483 1.000000
0.213623 0.945735 0.244849 0.000000
0.079308 -0.266596 0.960540 0.000000
0.973692 -0.185775 -0.131955 -0.000000
-2.694587 -3.830083 -15.573478 1.000000
BoneName: mixamorig5:LeftHandIndex2
BoneIndex: 18
ParentIndex: 17
ChildCount: 1
19
1.000000 0.000000 -0.000000 0.000000
0.000000 0.999993 0.003799 0.000000
-0.000000 -0.003799 0.999993 -0.000000
0.000391 0.302303 0.000000 1.000000
0.213623 0.946658 0.241254 0.000000
0.079308 -0.262945 0.961546 0.000000
0.973692 -0.186275 -0.131248 -0.000000
-2.694978 -4.191524 -15.557665 1.000000
BoneName: mixamorig5:LeftHandIndex3
BoneIndex: 19
ParentIndex: 18
ChildCount: 1
20
1.000000 0.000000 -0.000000 0.000000
0.000000 0.998133 -0.061070 0.000000
-0.000000 0.061070 0.998133 -0.000000
0.000464 0.278807 -0.000000 1.000000
0.213623 0.930158 0.298617 0.000000
0.079308 -0.321176 0.943693 0.000000
0.973692 -0.177912 -0.142379 -0.000000
-2.695442 -3.511875 -15.801630 1.000000
BoneName: mixamorig5:LeftHandIndex4
BoneIndex: 20
ParentIndex: 19
ChildCount: 0
1.000000 0.000000 -0.000000 0.000000
0.000000 1.000000 -0.000000 0.000000
-0.000000 -0.000000 1.000000 -0.000000
-0.000855 0.246537 0.000000 1.000000
1.000000 0.000000 0.000000 0.000000
0.000000 1.000000 0.000000 0.000000
0.000000 0.000000 1.000000 0.000000
0.000000 0.000000 0.000000 1.000000
BoneName: mixamorig5:LeftHandMiddle1
BoneIndex: 21
ParentIndex: 12
ChildCount: 1
22
0.998308 -0.058151 -0.000000 0.000000
0.058072 0.996965 -0.051847 0.000000
0.003015 0.051760 0.998655 -0.000000
-0.107248 1.012489 0.016746 1.000000
0.035125 0.991571 0.124715 0.000000
0.094530 -0.127529 0.987320 0.000000
0.994902 -0.022890 -0.098213 -0.000000
-1.724008 -6.144540 -14.988639 1.000000
BoneName: mixamorig5:LeftHandMiddle2
BoneIndex: 22
ParentIndex: 21
ChildCount: 1
23
1.000000 0.000000 -0.000000 0.000000
0.000000 0.985198 -0.171422 0.000000
-0.000000 0.171422 0.985198 -0.000000
0.001797 0.339903 0.000000 1.000000
0.035125 0.955514 0.292846 0.000000
0.094530 -0.294890 0.950844 0.000000
0.994902 -0.005715 -0.100683 -0.000000
-1.725805 -3.819080 -15.878348 1.000000
BoneName: mixamorig5:LeftHandMiddle3
BoneIndex: 23
ParentIndex: 22
ChildCount: 1
24
1.000000 0.000000 -0.000000 0.000000
0.000000 0.999399 0.034656 0.000000
-0.000000 -0.034656 0.999399 -0.000000
-0.001232 0.330115 -0.000000 1.000000
0.035125 0.965089 0.259556 0.000000
0.094530 -0.261760 0.960492 0.000000
0.994902 -0.009201 -0.100424 -0.000000
-1.724573 -4.696982 -15.725016 1.000000
BoneName: mixamorig5:LeftHandMiddle4
BoneIndex: 24
ParentIndex: 23
ChildCount: 0
1.000000 0.000000 -0.000000 0.000000
0.000000 1.000000 -0.000000 0.000000
-0.000000 -0.000000 1.000000 -0.000000
-0.000566 0.295073 0.000000 1.000000
1.000000 0.000000 0.000000 0.000000
0.000000 1.000000 0.000000 0.000000
0.000000 0.000000 1.000000 0.000000
0.000000 0.000000 0.000000 1.000000
BoneName: mixamorig5:LeftHandRing1
BoneIndex: 25
ParentIndex: 12
ChildCount: 1
26
0.992245 -0.124295 -0.000000 0.000000
0.121833 0.972595 -0.198028 0.000000
0.024614 0.196492 0.980196 -0.000000
0.126158 1.022733 0.024396 1.000000
-0.031118 0.962612 0.269090 0.000000
0.099378 -0.264907 0.959139 0.000000
0.994563 0.056589 -0.087419 -0.000000
-1.491585 -4.009522 -15.763724 1.000000
BoneName: mixamorig5:LeftHandRing2
BoneIndex: 26
ParentIndex: 25
ChildCount: 1
27
1.000000 0.000000 -0.000000 0.000000
0.000000 0.998719 -0.050598 0.000000
-0.000000 0.050598 0.998719 -0.000000
-0.000128 0.297678 0.000000 1.000000
-0.031118 0.947764 0.317451 0.000000
0.099378 -0.313098 0.944507 0.000000
0.994563 0.060939 -0.084444 -0.000000
-1.491457 -3.504075 -15.961467 1.000000
BoneName: mixamorig5:LeftHandRing3
BoneIndex: 27
ParentIndex: 26
ChildCount: 1
28
1.000000 0.000000 -0.000000 0.000000
0.000000 0.989507 0.144483 0.000000
-0.000000 -0.144483 0.989507 -0.000000
-0.000670 0.270349 0.000000 1.000000
-0.031118 0.983686 0.177185 0.000000
0.099378 -0.173347 0.979834 0.000000
0.994563 0.048099 -0.092362 -0.000000
-1.490787 -6.040982 -15.248647 1.000000
BoneName: mixamorig5:LeftHandRing4
BoneIndex: 28
ParentIndex: 27
ChildCount: 0
1.000000 0.000000 -0.000000 0.000000
0.000000 1.000000 -0.000000 0.000000
-0.000000 -0.000000 1.000000 -0.000000
0.000798 0.236566 0.000000 1.000000
1.000000 0.000000 0.000000 0.000000
0.000000 1.000000 0.000000 0.000000
0.000000 0.000000 1.000000 0.000000
0.000000 0.000000 0.000000 1.000000
BoneName: mixamorig5:LeftHandPinky1
BoneIndex: 29
ParentIndex: 12
ChildCount: 1
30
0.949713 -0.313121 -0.000000 0.000000
0.301956 0.915849 -0.264657 0.000000
0.082870 0.251348 0.964343 -0.000000
0.335059 0.900517 0.029137 1.000000
-0.222575 0.918147 0.327820 0.000000
0.110949 -0.310216 0.944170 0.000000
0.968582 0.246520 -0.032821 -0.000000
-0.341792 -3.020721 -16.033455 1.000000
BoneName: mixamorig5:LeftHandPinky2
BoneIndex: 30
ParentIndex: 29
ChildCount: 1
31
1.000000 0.000000 -0.000000 0.000000
0.000000 0.999232 -0.039197 0.000000
-0.000000 0.039197 0.999232 -0.000000
0.000090 0.280028 -0.000000 1.000000
-0.222575 0.904592 0.363557 0.000000
0.110949 -0.346986 0.931285 0.000000
0.968582 0.247617 -0.023133 -0.000000
-0.341882 -2.669745 -16.150513 1.000000
BoneName: mixamorig5:LeftHandPinky3
BoneIndex: 31
ParentIndex: 30
ChildCount: 1
32
1.000000 0.000000 -0.000000 0.000000
0.000000 0.989111 0.147171 0.000000
-0.000000 -0.147171 0.989111 -0.000000
-0.000059 0.230675 0.000000 1.000000
-0.222575 0.948247 0.226468 0.000000
0.110949 -0.206149 0.972210 0.000000
0.968582 0.241516 -0.059323 -0.000000
-0.341822 -5.245729 -15.547792 1.000000
BoneName: mixamorig5:LeftHandPinky4
BoneIndex: 32
ParentIndex: 31
ChildCount: 0
1.000000 0.000000 -0.000000 0.000000
0.000000 1.000000 -0.000000 0.000000
-0.000000 -0.000000 1.000000 -0.000000
-0.000030 0.192749 0.000000 1.000000
1.000000 0.000000 0.000000 0.000000
0.000000 1.000000 0.000000 0.000000
0.000000 0.000000 1.000000 0.000000
0.000000 0.000000 0.000000 1.000000
BoneName: mixamorig5:RightShoulder
BoneIndex: 33
ParentIndex: 5
ChildCount: 1
34
-0.034909 -0.000918 -0.999390 0.000000
-0.968664 -0.246027 0.034061 0.000000
-0.245908 0.969262 0.007700 -0.000000
-0.632233 1.188734 0.020992 1.000000
-0.034909 -0.968664 -0.245908 0.000000
0.151214 -0.248345 0.956796 0.000000
-0.987884 -0.003784 0.155145 -0.000000
-1.824216 3.059468 -14.364896 1.000000
BoneName: mixamorig5:RightArm
BoneIndex: 34
ParentIndex: 33
ChildCount: 1
35
0.999884 -0.015237 -0.000000 0.000000
0.015089 0.990160 0.139127 0.000000
-0.002120 -0.139111 0.990275 -0.000000
0.000000 1.286373 0.000000 1.000000
-0.020145 -0.993871 -0.108691 0.000000
0.154981 -0.110503 0.981718 0.000000
-0.987712 0.002932 0.156257 -0.000000
-1.851020 -0.270425 -14.467979 1.000000
BoneName: mixamorig5:RightForeArm
BoneIndex: 35
ParentIndex: 34
ChildCount: 1
36
0.994445 -0.105260 0.000000 0.000000
0.104344 0.985791 0.131636 0.000000
-0.013856 -0.130904 0.991298 -0.000000
0.000000 2.691906 0.000000 1.000000
0.084582 -0.996159 0.022636 0.000000
0.165751 0.036467 0.985493 0.000000
-0.982534 -0.079603 0.168199 -0.000000
-1.528923 -5.017887 -13.928652 1.000000
BoneName: mixamorig5:RightHand
BoneIndex: 36
ParentIndex: 35
ChildCount: 5
37
41
45
49
53
0.972981 0.035926 -0.228074 0.000000
-0.062821 0.991745 -0.111779 0.000000
0.222175 0.123087 0.967206 -0.000000
0.000000 2.482120 0.000000 1.000000
0.041345 -0.995780 -0.081928 0.000000
-0.062182 -0.084404 0.994489 0.000000
-0.997208 -0.036023 -0.065410 -0.000000
1.419705 -5.785116 -14.734718 1.000000
BoneName: mixamorig5:RightHandThumb1
BoneIndex: 37
ParentIndex: 36
ChildCount: 1
38
0.825086 -0.565007 0.000000 0.000000
0.526235 0.768468 -0.364052 0.000000
0.205692 0.300374 0.931379 -0.000000
0.268985 0.319624 -0.162485 1.000000
0.596736 -0.713641 -0.366909 0.000000
-0.003617 -0.459630 0.888103 0.000000
-0.802429 -0.528636 -0.276859 -0.000000
4.398662 1.219305 -15.169280 1.000000
BoneName: mixamorig5:RightHandThumb2
BoneIndex: 38
ParentIndex: 37
ChildCount: 1
39
1.000000 0.000000 -0.000000 0.000000
0.000000 0.986205 -0.165529 0.000000
-0.000000 0.165529 0.986205 -0.000000
0.033076 0.357060 -0.000000 1.000000
0.596736 -0.643063 -0.479975 0.000000
-0.003617 -0.600296 0.799770 0.000000
-0.802429 -0.475515 -0.360544 -0.000000
4.365586 3.361305 -14.817293 1.000000
BoneName: mixamorig5:RightHandThumb3
BoneIndex: 39
ParentIndex: 38
ChildCount: 1
40
1.000000 0.000000 -0.000000 0.000000
0.000000 0.975594 0.219580 0.000000
-0.000000 -0.219580 0.975594 -0.000000
-0.008805 0.313337 0.000000 1.000000
0.596736 -0.732762 -0.327057 0.000000
-0.003617 -0.410032 0.912064 0.000000
-0.802429 -0.543079 -0.247331 -0.000000
4.374391 -0.280006 -15.124942 1.000000
BoneName: mixamorig5:RightHandThumb4
BoneIndex: 40
ParentIndex: 39
ChildCount: 0
1.000000 0.000000 -0.000000 0.000000
0.000000 1.000000 -0.000000 0.000000
-0.000000 -0.000000 1.000000 -0.000000
-0.024271 0.249464 -0.000000 1.000000
1.000000 0.000000 0.000000 0.000000
0.000000 1.000000 0.000000 0.000000
0.000000 0.000000 1.000000 0.000000
0.000000 0.000000 0.000000 1.000000
BoneName: mixamorig5:RightHandIndex1
BoneIndex: 41
ParentIndex: 36
ChildCount: 1
42
0.985666 -0.168707 0.000000 0.000000
0.165979 0.969731 -0.179091 0.000000
0.030214 0.176524 0.983833 -0.000000
0.346570 1.010424 0.013170 1.000000
0.208748 -0.944103 -0.255133 0.000000
-0.047052 -0.270274 0.961633 0.000000
-0.976837 -0.188734 -0.100841 -0.000000
2.204206 -3.770512 -15.676604 1.000000
BoneName: mixamorig5:RightHandIndex2
BoneIndex: 42
ParentIndex: 41
ChildCount: 1
43
1.000000 0.000000 -0.000000 0.000000
0.000000 0.999849 -0.017372 0.000000
-0.000000 0.017372 0.999849 -0.000000
0.000044 0.309364 -0.000000 1.000000
0.208748 -0.939529 -0.271495 0.000000
-0.047052 -0.286938 0.956793 0.000000
-0.976837 -0.186954 -0.104104 -0.000000
2.204162 -3.806932 -15.745112 1.000000
BoneName: mixamorig5:RightHandIndex3
BoneIndex: 43
ParentIndex: 42
ChildCount: 1
44
1.000000 0.000000 -0.000000 0.000000
0.000000 0.998854 0.047852 0.000000
-0.000000 -0.047852 0.998854 -0.000000
0.000250 0.282653 -0.000000 1.000000
0.208748 -0.951444 -0.226226 0.000000
-0.047052 -0.240825 0.969427 0.000000
-0.976837 -0.191721 -0.095039 -0.000000
2.203912 -4.838331 -15.531383 1.000000
BoneName: mixamorig5:RightHandIndex4
BoneIndex: 44
ParentIndex: 43
ChildCount: 0
1.000000 0.000000 -0.000000 0.000000
0.000000 1.000000 -0.000000 0.000000
-0.000000 -0.000000 1.000000 -0.000000
-0.000295 0.247486 0.000000 1.000000
1.000000 0.000000 0.000000 0.000000
0.000000 1.000000 0.000000 0.000000
0.000000 0.000000 1.000000 0.000000
0.000000 0.000000 0.000000 1.000000
BoneName: mixamorig5:RightHandMiddle1
BoneIndex: 45
ParentIndex: 36
ChildCount: 1
46
0.999145 0.041336 -0.000000 0.000000
-0.041084 0.993065 -0.110152 0.000000
-0.004553 0.110058 0.993915 -0.000000
0.114343 1.014646 0.030967 1.000000
0.000149 -0.981549 -0.191212 0.000000
-0.065618 -0.190809 0.979432 0.000000
-0.997845 0.012401 -0.064436 -0.000000
1.023172 -5.179760 -15.430145 1.000000
BoneName: mixamorig5:RightHandMiddle2
BoneIndex: 46
ParentIndex: 45
ChildCount: 1
47
1.000000 0.000000 -0.000000 0.000000
0.000000 0.996866 -0.079112 0.000000
-0.000000 0.079112 0.996866 -0.000000
-0.000159 0.340914 0.000000 1.000000
0.000149 -0.963345 -0.268264 0.000000
-0.065618 -0.267696 0.961267 0.000000
-0.997845 0.017460 -0.063253 -0.000000
1.023332 -4.282669 -15.818534 1.000000
BoneName: mixamorig5:RightHandMiddle3
BoneIndex: 47
ParentIndex: 46
ChildCount: 1
48
1.000000 0.000000 -0.000000 0.000000
0.000000 0.999786 -0.020705 0.000000
-0.000000 0.020705 0.999786 -0.000000
0.000059 0.324569 0.000000 1.000000
0.000149 -0.957585 -0.288152 0.000000
-0.065618 -0.287541 0.955518 0.000000
-0.997845 0.018766 -0.062878 -0.000000
1.023272 -4.278735 -15.910533 1.000000
BoneName: mixamorig5:RightHandMiddle4
BoneIndex: 48
ParentIndex: 47
ChildCount: 0
1.000000 0.000000 -0.000000 0.000000
0.000000 1.000000 -0.000000 0.000000
-0.000000 -0.000000 1.000000 -0.000000
0.000100 0.293759 -0.000000 1.000000
1.000000 0.000000 0.000000 0.000000
0.000000 1.000000 0.000000 0.000000
0.000000 0.000000 1.000000 0.000000
0.000000 0.000000 0.000000 1.000000
BoneName: mixamorig5:RightHandRing1
BoneIndex: 49
ParentIndex: 36
ChildCount: 1
50
0.996630 0.082023 -0.000000 0.000000
-0.081950 0.995739 -0.042279 0.000000
-0.003468 0.042136 0.999106 -0.000000
-0.124701 1.030054 -0.002017 1.000000
-0.040471 -0.991462 -0.123957 0.000000
-0.068896 -0.120994 0.990259 0.000000
-0.996803 0.048617 -0.063411 -0.000000
0.980198 -6.289814 -15.012050 1.000000
BoneName: mixamorig5:RightHandRing2
BoneIndex: 50
ParentIndex: 49
ChildCount: 1
51
1.000000 0.000000 -0.000000 0.000000
0.000000 0.973823 -0.227308 0.000000
-0.000000 0.227308 0.973823 -0.000000
-0.000036 0.289295 0.000000 1.000000
-0.040471 -0.937332 -0.346079 0.000000
-0.068896 -0.342921 0.936834 0.000000
-0.996803 0.061758 -0.050700 -0.000000
0.980234 -2.994525 -16.114563 1.000000
BoneName: mixamorig5:RightHandRing3
BoneIndex: 51
ParentIndex: 50
ChildCount: 1
52
1.000000 0.000000 -0.000000 0.000000
0.000000 0.978386 0.206789 0.000000
-0.000000 -0.206789 0.978386 -0.000000
0.000056 0.279845 0.000000 1.000000
-0.040471 -0.988637 -0.144770 0.000000
-0.068896 -0.141782 0.987497 0.000000
-0.996803 0.049939 -0.062375 -0.000000
0.980178 -6.535905 -15.089156 1.000000
BoneName: mixamorig5:RightHandRing4
BoneIndex: 52
ParentIndex: 51
ChildCount: 0
1.000000 0.000000 -0.000000 0.000000
0.000000 1.000000 -0.000000 0.000000
-0.000000 -0.000000 1.000000 -0.000000
-0.000021 0.221161 -0.000000 1.000000
1.000000 0.000000 0.000000 0.000000
0.000000 1.000000 0.000000 0.000000
0.000000 0.000000 1.000000 0.000000
0.000000 0.000000 0.000000 1.000000
BoneName: mixamorig5:RightHandPinky1
BoneIndex: 53
ParentIndex: 36
ChildCount: 1
54
0.951698 0.307034 0.000000 0.000000
-0.304024 0.942367 -0.139690 0.000000
-0.042890 0.132943 0.990195 -0.000000
-0.336211 0.936502 0.016872 1.000000
-0.266390 -0.939516 -0.215280 0.000000
-0.085094 -0.199555 0.976185 0.000000
-0.960102 0.278365 -0.026787 -0.000000
-0.392666 -4.807418 -15.575858 1.000000
BoneName: mixamorig5:RightHandPinky2
BoneIndex: 54
ParentIndex: 53
ChildCount: 1
55
1.000000 0.000000 -0.000000 0.000000
0.000000 0.984422 -0.175820 0.000000
-0.000000 0.175820 0.984422 -0.000000
0.000610 0.279040 0.000000 1.000000
-0.266390 -0.887030 -0.377113 0.000000
-0.085094 -0.368079 0.925892 0.000000
-0.960102 0.278739 0.022572 -0.000000
-0.393276 -2.268672 -16.227524 1.000000
BoneName: mixamorig5:RightHandPinky3
BoneIndex: 55
ParentIndex: 54
ChildCount: 1
56
1.000000 0.000000 -0.000000 0.000000
0.000000 0.991348 0.131262 0.000000
-0.000000 -0.131262 0.991348 -0.000000
-0.000875 0.223198 0.000000 1.000000
-0.266390 -0.928856 -0.257416 0.000000
-0.085094 -0.243360 0.966196 0.000000
-0.960102 0.279290 -0.014211 -0.000000
-0.392401 -4.600374 -15.760028 1.000000
BoneName: mixamorig5:RightHandPinky4
BoneIndex: 56
ParentIndex: 55
ChildCount: 0
1.000000 0.000000 -0.000000 0.000000
0.000000 1.000000 -0.000000 0.000000
-0.000000 -0.000000 1.000000 -0.000000
0.000265 0.183984 0.000000 1.000000
1.000000 0.000000 0.000000 0.000000
0.000000 1.000000 0.000000 0.000000
0.000000 0.000000 1.000000 0.000000
0.000000 0.000000 0.000000 1.000000
BoneName: mixamorig5:LeftUpLeg
BoneIndex: 57
ParentIndex: 2
ChildCount: 1
58
-0.997254 -0.074016 0.002465 0.000000
0.074057 -0.996702 0.033187 0.000000
0.000000 0.033278 0.999446 -0.000000
0.937394 -0.491061 0.052553 1.000000
-0.997254 0.074058 0.000000 0.000000
-0.074016 -0.996702 0.033278 0.000000
0.002465 0.033187 0.999446 -0.000000
1.676966 9.928318 -0.146389 1.000000
BoneName: mixamorig5:LeftLeg
BoneIndex: 58
ParentIndex: 57
ChildCount: 1
59
0.999657 0.026198 -0.000000 0.000000
-0.026198 0.999649 -0.003910 0.000000
-0.000102 0.003908 0.999992 -0.000000
0.000000 4.328691 -0.000000 1.000000
-0.994972 0.100158 0.000392 0.000000
-0.100103 -0.994543 0.029390 0.000000
0.003333 0.029203 0.999568 -0.000000
1.823091 5.554301 -0.124675 1.000000
BoneName: mixamorig5:LeftFoot
BoneIndex: 59
ParentIndex: 58
ChildCount: 1
60
0.999751 -0.000000 -0.022304 0.000000
-0.017693 0.608920 -0.793035 0.000000
0.013582 0.793232 0.608768 -0.000000
0.000000 4.571334 -0.000000 1.000000
-0.994733 0.078281 0.066173 0.000000
-0.100734 -0.627133 -0.772371 0.000000
-0.018962 -0.774968 0.631715 -0.000000
1.825418 0.665164 0.728583 1.000000
BoneName: mixamorig5:LeftToeBase
BoneIndex: 60
ParentIndex: 59
ChildCount: 1
61
0.987586 0.000000 -0.157077 0.000000
-0.094363 0.799442 -0.593286 0.000000
0.125574 0.600744 0.789518 -0.000000
-0.000000 1.816874 0.000000 1.000000
-0.992779 0.117187 -0.025640 0.000000
0.021838 -0.033614 -0.999196 0.000000
-0.117955 -0.992541 0.030812 -0.000000
1.688315 -1.525235 0.112571 1.000000
BoneName: mixamorig5:LeftToe_End
BoneIndex: 61
ParentIndex: 60
ChildCount: 0
1.000000 0.000000 -0.000000 0.000000
0.000000 1.000000 -0.000000 0.000000
-0.000000 -0.000000 1.000000 -0.000000
-0.000000 0.689915 -0.000000 1.000000
1.000000 0.000000 0.000000 0.000000
0.000000 1.000000 0.000000 0.000000
0.000000 0.000000 1.000000 0.000000
0.000000 0.000000 0.000000 1.000000
BoneName: mixamorig5:RightUpLeg
BoneIndex: 62
ParentIndex: 2
ChildCount: 1
63
-0.997255 0.073990 -0.002843 0.000000
-0.074044 -0.996520 0.038287 0.000000
0.000000 0.038392 0.999263 -0.000000
-0.937394 -0.491061 0.054134 1.000000
-0.997255 -0.074044 -0.000000 0.000000
0.073989 -0.996520 0.038392 0.000000
-0.002843 0.038287 0.999263 -0.000000
-1.677358 9.927358 -0.199265 1.000000
BoneName: mixamorig5:RightLeg
BoneIndex: 63
ParentIndex: 62
ChildCount: 1
64
0.999656 -0.026212 -0.000000 0.000000
0.026211 0.999622 -0.008300 0.000000
0.000218 0.008297 0.999966 -0.000000
0.000000 4.329481 -0.000000 1.000000
-0.994971 -0.100155 -0.000831 0.000000
0.100085 -0.994522 0.030139 0.000000
-0.003845 0.029904 0.999545 -0.000000
-1.823515 5.553449 -0.153177 1.000000
BoneName: mixamorig5:RightFoot
BoneIndex: 64
ParentIndex: 63
ChildCount: 1
65
0.999746 0.000000 0.022530 0.000000
0.017982 0.602488 -0.797925 0.000000
-0.013574 0.798128 0.602335 -0.000000
-0.000000 4.571431 -0.000000 1.000000
-0.994738 -0.077570 -0.066932 0.000000
0.100739 -0.621436 -0.776961 0.000000
0.018675 -0.779615 0.625980 -0.000000
-1.826504 0.681087 0.716264 1.000000
BoneName: mixamorig5:RightToeBase
BoneIndex: 65
ParentIndex: 64
ChildCount: 1
66
0.987097 0.000000 0.160123 0.000000
0.095243 0.803868 -0.587133 0.000000
-0.128718 0.594808 0.793495 -0.000000
-0.000000 1.833502 0.000000 1.000000
-0.992620 -0.117800 0.028791 0.000000
-0.024971 -0.033778 -0.999117 0.000000
0.118668 -0.992463 0.030587 -0.000000
-1.688245 -1.520893 0.117991 1.000000
BoneName: mixamorig5:RightToe_End
BoneIndex: 66
ParentIndex: 65
ChildCount: 0
1.000000 0.000000 -0.000000 0.000000
0.000000 1.000000 -0.000000 0.000000
-0.000000 -0.000000 1.000000 -0.000000
0.000000 0.686321 -0.000000 1.000000
1.000000 0.000000 0.000000 0.000000
0.000000 1.000000 0.000000 0.000000
0.000000 0.000000 1.000000 0.000000
0.000000 0.000000 0.000000 1.000000
