BoneCount: 67
RootBone: 0
BoneName: RootNode
BoneIndex: 0
ParentIndex: -1
ChildCount: 2
1
2
1.000000 0.000000 -0.000000 0.000000
0.000000 1.000000 -0.000000 0.000000
-0.000000 -0.000000 1.000000 -0.000000
0.000000 0.000000 -0.000000 1.000000
1.000000 0.000000 0.000000 0.000000
0.000000 1.000000 0.000000 0.000000
0.000000 0.000000 1.000000 0.000000
0.000000 0.000000 0.000000 1.000000
BoneName: Ch10
BoneIndex: 1
ParentIndex: 0
ChildCount: 0
1.000000 0.000000 -0.000000 0.000000
0.000000 1.000000 -0.000000 0.000000
-0.000000 -0.000000 1.000000 -0.000000
0.000000 0.000000 -0.000000 1.000000
1.000000 0.000000 0.000000 0.000000
0.000000 1.000000 0.000000 0.000000
0.000000 0.000000 1.000000 0.000000
0.000000 0.000000 0.000000 1.000000
BoneName: mixamorig5:Hips
BoneIndex: 2
ParentIndex: 0
ChildCount: 3
3
57
62
1.000000 0.000000 -0.000000 0.000000
0.000000 1.000000 -0.000000 0.000000
-0.000000 -0.000000 1.000000 -0.000000
-0.000030 1.051563 -0.023987 1.000000
1.000000 0.000000 -0.000000 0.000000
0.000000 1.000000 -0.000000 0.000000
-0.000000 -0.000000 1.000000 -0.000000
0.000030 -1.051563 0.023987 1.000000
BoneName: mixamorig5:Spine
BoneIndex: 3
ParentIndex: 2
ChildCount: 1
4
1.000000 0.000000 -0.000000 0.000000
0.000000 0.988348 0.152214 0.000000
-0.000000 -0.152214 0.988348 -0.000000
0.000000 0.088361 0.013608 1.000000
1.000000 0.000000 -0.000000 0.000000
0.000000 0.988348 -0.152214 0.000000
-0.000000 0.152214 0.988348 -0.000000
0.000030 -1.125060 0.183770 1.000000
BoneName: mixamorig5:Spine1
BoneIndex: 4
ParentIndex: 3
ChildCount: 1
5
1.000000 0.000000 -0.000000 0.000000
0.000000 1.000000 -0.000000 0.000000
-0.000000 -0.000000 1.000000 -0.000000
0.000000 0.104303 0.000000 1.000000
1.000000 0.000000 -0.000000 0.000000
0.000000 0.988348 -0.152214 0.000000
-0.000000 0.152214 0.988348 -0.000000
0.000030 -1.229363 0.183770 1.000000
BoneName: mixamorig5:Spine2
BoneIndex: 5
ParentIndex: 4
ChildCount: 3
6
9
33
1.000000 0.000000 -0.000000 0.000000
0.000000 1.000000 -0.000000 0.000000
-0.000000 -0.000000 1.000000 -0.000000
0.000000 0.119203 0.000000 1.000000
1.000000 0.000000 -0.000000 0.000000
0.000000 0.988348 -0.152214 0.000000
-0.000000 0.152214 0.988348 -0.000000
0.000030 -1.348566 0.183770 1.000000
BoneName: mixamorig5:Neck
BoneIndex: 6
ParentIndex: 5
ChildCount: 1
7
1.000000 0.000000 -0.000000 0.000000
0.000000 0.988348 -0.152214 0.000000
-0.000000 0.152214 0.988348 -0.000000
0.000000 0.134103 -0.000000 1.000000
1.000000 0.000000 -0.000000 0.000000
0.000000 1.000000 -0.000000 0.000000
-0.000000 -0.000000 1.000000 -0.000000
0.000030 -1.493365 -0.044054 1.000000
BoneName: mixamorig5:Head
BoneIndex: 7
ParentIndex: 6
ChildCount: 1
8
1.000000 0.000000 -0.000000 0.000000
0.000000 1.000000 -0.000000 0.000000
-0.000000 -0.000000 1.000000 -0.000000
0.000000 0.063911 -0.032175 1.000000
1.000000 0.000000 -0.000000 0.000000
0.000000 1.000000 -0.000000 0.000000
-0.000000 -0.000000 1.000000 -0.000000
0.000030 -1.557276 -0.011880 1.000000
BoneName: mixamorig5:HeadTop_End
BoneIndex: 8
ParentIndex: 7
ChildCount: 0
1.000000 0.000000 -0.000000 0.000000
0.000000 1.000000 -0.000000 0.000000
-0.000000 -0.000000 1.000000 -0.000000
0.000000 0.197810 -0.099582 1.000000
1.000000 0.000000 0.000000 0.000000
0.000000 1.000000 0.000000 0.000000
0.000000 0.000000 1.000000 0.000000
0.000000 0.000000 0.000000 1.000000
BoneName: mixamorig5:LeftShoulder
BoneIndex: 9
ParentIndex: 5
ChildCount: 1
10
-0.042602 0.000970 0.999092 0.000000
0.968664 -0.244875 0.041542 0.000000
0.244693 0.969554 0.009492 -0.000000
0.063223 0.118948 0.002580 1.000000
-0.042602 0.968664 0.244693 0.000000
-0.151117 -0.248345 0.956812 0.000000
0.987597 0.003784 0.156962 -0.000000
0.182294 0.305671 -1.436577 1.000000
BoneName: mixamorig5:LeftArm
BoneIndex: 10
ParentIndex: 9
ChildCount: 1
11
0.999685 0.025093 0.000000 0.000000
-0.024854 0.990178 0.137588 0.000000
0.003452 -0.137545 0.990489 -0.000000
-0.000000 0.128637 0.000000 1.000000
-0.018282 0.993875 0.108984 0.000000
-0.157301 -0.110503 0.981349 0.000000
0.987381 0.000797 0.158358 -0.000000
0.186679 -0.026892 -1.446635 1.000000
BoneName: mixamorig5:LeftForeArm
BoneIndex: 11
ParentIndex: 10
ChildCount: 1
12
0.996331 0.085580 0.000000 0.000000
-0.084800 0.987240 0.134782 0.000000
0.011535 -0.134288 0.990875 -0.000000
0.000000 0.269190 0.000000 1.000000
0.066842 0.997433 -0.025687 0.000000
-0.166181 0.036514 0.985419 0.000000
0.983827 -0.061599 0.168195 -0.000000
0.160655 -0.503115 -1.391521 1.000000
BoneName: mixamorig5:LeftHand
BoneIndex: 12
ParentIndex: 11
ChildCount: 5
13
17
21
25
29
0.966828 0.034989 0.253021 0.000000
-0.004449 0.992730 -0.120278 0.000000
-0.255390 0.115162 0.959955 -0.000000
0.000000 0.247895 -0.000000 1.000000
0.093024 0.992974 0.073137 0.000000
0.089941 -0.081536 0.992604 0.000000
0.991593 -0.085758 -0.096894 -0.000000
-0.223036 -0.578896 -1.463315 1.000000
BoneName: mixamorig5:LeftHandThumb1
BoneIndex: 13
ParentIndex: 12
ChildCount: 1
14
0.841885 0.539657 -0.000000 0.000000
-0.507141 0.791160 -0.341868 0.000000
-0.184491 0.287813 0.939748 -0.000000
-0.028689 0.034068 -0.016066 1.000000
0.614181 0.713422 0.337360 0.000000
0.031719 -0.449460 0.892737 0.000000
0.788528 -0.537601 -0.298678 -0.000000
-0.494407 0.108377 -1.500614 1.000000
BoneName: mixamorig5:LeftHandThumb2
BoneIndex: 14
ParentIndex: 13
ChildCount: 1
15
1.000000 0.000000 -0.000000 0.000000
0.000000 0.989855 -0.142083 0.000000
-0.000000 0.142083 0.989855 -0.000000
-0.004615 0.037596 -0.000000 1.000000
0.614181 0.658251 0.435302 0.000000
0.031719 -0.571743 0.819820 0.000000
0.788528 -0.489710 -0.372032 -0.000000
-0.489793 0.283274 -1.475333 1.000000
BoneName: mixamorig5:LeftHandThumb3
BoneIndex: 15
ParentIndex: 14
ChildCount: 1
16
1.000000 0.000000 -0.000000 0.000000
0.000000 0.993882 0.110448 0.000000
-0.000000 -0.110448 0.993882 -0.000000
-0.000288 0.031414 0.000000 1.000000
0.614181 0.702302 0.359937 0.000000
0.031719 -0.477698 0.877952 0.000000
0.788528 -0.527804 -0.315669 -0.000000
-0.489504 0.087372 -1.494124 1.000000
BoneName: mixamorig5:LeftHandThumb4
BoneIndex: 16
ParentIndex: 15
ChildCount: 0
1.000000 0.000000 -0.000000 0.000000
0.000000 1.000000 -0.000000 0.000000
-0.000000 -0.000000 1.000000 -0.000000
0.004903 0.023127 0.000000 1.000000
1.000000 0.000000 0.000000 0.000000
0.000000 1.000000 0.000000 0.000000
0.000000 0.000000 1.000000 0.000000
0.000000 0.000000 0.000000 1.000000
BoneName: mixamorig5:LeftHandIndex1
BoneIndex: 17
ParentIndex: 12
ChildCount: 1
18
0.992511 0.122154 -0.000000 0.000000
-0.120215 0.976759 -0.177456 0.000000
-0.021677 0.176127 0.984129 -0.000000
-0.035397 0.102417 0.001348 1.000000
0.213623 0.945735 0.244849 0.000000
0.079308 -0.266596 0.960540 0.000000
0.973692 -0.185775 -0.131955 -0.000000
-0.269459 -0.383008 -1.557348 1.000000
BoneName: mixamorig5:LeftHandIndex2
BoneIndex: 18
ParentIndex: 17
ChildCount: 1
19
1.000000 0.000000 -0.000000 0.000000
0.000000 0.999993 0.003799 0.000000
-0.000000 -0.003799 0.999993 -0.000000
0.000039 0.030230 0.000000 1.000000
0.213623 0.946658 0.241254 0.000000
0.079308 -0.262945 0.961546 0.000000
0.973692 -0.186275 -0.131248 -0.000000
-0.269498 -0.419152 -1.555766 1.000000
BoneName: mixamorig5:LeftHandIndex3
BoneIndex: 19
ParentIndex: 18
ChildCount: 1
20
1.000000 0.000000 -0.000000 0.000000
0.000000 0.998133 -0.061070 0.000000
-0.000000 0.061070 0.998133 -0.000000
0.000046 0.027881 -0.000000 1.000000
0.213623 0.930158 0.298617 0.000000
0.079308 -0.321176 0.943693 0.000000
0.973692 -0.177912 -0.142379 -0.000000
-0.269544 -0.351187 -1.580163 1.000000
BoneName: mixamorig5:LeftHandIndex4
BoneIndex: 20
ParentIndex: 19
ChildCount: 0
1.000000 0.000000 -0.000000 0.000000
0.000000 1.000000 -0.000000 0.000000
-0.000000 -0.000000 1.000000 -0.000000
-0.000086 0.024654 0.000000 1.000000
1.000000 0.000000 0.000000 0.000000
0.000000 1.000000 0.000000 0.000000
0.000000 0.000000 1.000000 0.000000
0.000000 0.000000 0.000000 1.000000
BoneName: mixamorig5:LeftHandMiddle1
BoneIndex: 21
ParentIndex: 12
ChildCount: 1
22
0.998308 -0.058151 -0.000000 0.000000
0.058072 0.996965 -0.051847 0.000000
0.003015 0.051760 0.998655 -0.000000
-0.010725 0.101249 0.001675 1.000000
0.035125 0.991571 0.124715 0.000000
0.094530 -0.127529 0.987320 0.000000
0.994902 -0.022890 -0.098213 -0.000000
-0.172401 -0.614454 -1.498864 1.000000
BoneName: mixamorig5:LeftHandMiddle2
BoneIndex: 22
ParentIndex: 21
ChildCount: 1
23
1.000000 0.000000 -0.000000 0.000000
0.000000 0.985198 -0.171422 0.000000
-0.000000 0.171422 0.985198 -0.000000
0.000180 0.033990 0.000000 1.000000
0.035125 0.955514 0.292846 0.000000
0.094530 -0.294890 0.950844 0.000000
0.994902 -0.005715 -0.100683 -0.000000
-0.172581 -0.381908 -1.587835 1.000000
BoneName: mixamorig5:LeftHandMiddle3
BoneIndex: 23
ParentIndex: 22
ChildCount: 1
24
1.000000 0.000000 -0.000000 0.000000
0.000000 0.999399 0.034656 0.000000
-0.000000 -0.034656 0.999399 -0.000000
-0.000123 0.033011 -0.000000 1.000000
0.035125 0.965089 0.259556 0.000000
0.094530 -0.261760 0.960492 0.000000
0.994902 -0.009201 -0.100424 -0.000000
-0.172457 -0.469698 -1.572502 1.000000
BoneName: mixamorig5:LeftHandMiddle4
BoneIndex: 24
ParentIndex: 23
ChildCount: 0
1.000000 0.000000 -0.000000 0.000000
0.000000 1.000000 -0.000000 0.000000
-0.000000 -0.000000 1.000000 -0.000000
-0.000057 0.029507 0.000000 1.000000
1.000000 0.000000 0.000000 0.000000
0.000000 1.000000 0.000000 0.000000
0.000000 0.000000 1.000000 0.000000
0.000000 0.000000 0.000000 1.000000
BoneName: mixamorig5:LeftHandRing1
BoneIndex: 25
ParentIndex: 12
ChildCount: 1
26
0.992245 -0.124295 -0.000000 0.000000
0.121833 0.972595 -0.198028 0.000000
0.024614 0.196492 0.980196 -0.000000
0.012616 0.102273 0.002440 1.000000
-0.031118 0.962612 0.269090 0.000000
0.099378 -0.264907 0.959139 0.000000
0.994563 0.056589 -0.087419 -0.000000
-0.149158 -0.400952 -1.576372 1.000000
BoneName: mixamorig5:LeftHandRing2
BoneIndex: 26
ParentIndex: 25
ChildCount: 1
27
1.000000 0.000000 -0.000000 0.000000
0.000000 0.998719 -0.050598 0.000000
-0.000000 0.050598 0.998719 -0.000000
-0.000013 0.029768 0.000000 1.000000
-0.031118 0.947764 0.317451 0.000000
0.099378 -0.313098 0.944507 0.000000
0.994563 0.060939 -0.084444 -0.000000
-0.149146 -0.350407 -1.596147 1.000000
BoneName: mixamorig5:LeftHandRing3
BoneIndex: 27
ParentIndex: 26
ChildCount: 1
28
1.000000 0.000000 -0.000000 0.000000
0.000000 0.989507 0.144483 0.000000
-0.000000 -0.144483 0.989507 -0.000000
-0.000067 0.027035 0.000000 1.000000
-0.031118 0.983686 0.177185 0.000000
0.099378 -0.173347 0.979834 0.000000
0.994563 0.048099 -0.092362 -0.000000
-0.149079 -0.604098 -1.524865 1.000000
BoneName: mixamorig5:LeftHandRing4
BoneIndex: 28
ParentIndex: 27
ChildCount: 0
1.000000 0.000000 -0.000000 0.000000
0.000000 1.000000 -0.000000 0.000000
-0.000000 -0.000000 1.000000 -0.000000
0.000080 0.023657 0.000000 1.000000
1.000000 0.000000 0.000000 0.000000
0.000000 1.000000 0.000000 0.000000
0.000000 0.000000 1.000000 0.000000
0.000000 0.000000 0.000000 1.000000
BoneName: mixamorig5:LeftHandPinky1
BoneIndex: 29
ParentIndex: 12
ChildCount: 1
30
0.949713 -0.313121 -0.000000 0.000000
0.301956 0.915849 -0.264657 0.000000
0.082870 0.251348 0.964343 -0.000000
0.033506 0.090052 0.002914 1.000000
-0.222575 0.918147 0.327820 0.000000
0.110949 -0.310216 0.944170 0.000000
0.968582 0.246520 -0.032821 -0.000000
-0.034179 -0.302072 -1.603345 1.000000
BoneName: mixamorig5:LeftHandPinky2
BoneIndex: 30
ParentIndex: 29
ChildCount: 1
31
1.000000 0.000000 -0.000000 0.000000
0.000000 0.999232 -0.039197 0.000000
-0.000000 0.039197 0.999232 -0.000000
0.000009 0.028003 -0.000000 1.000000
-0.222575 0.904592 0.363557 0.000000
0.110949 -0.346986 0.931285 0.000000
0.968582 0.247617 -0.023133 -0.000000
-0.034188 -0.266975 -1.615051 1.000000
BoneName: mixamorig5:LeftHandPinky3
BoneIndex: 31
ParentIndex: 30
ChildCount: 1
32
1.000000 0.000000 -0.000000 0.000000
0.000000 0.989111 0.147171 0.000000
-0.000000 -0.147171 0.989111 -0.000000
-0.000006 0.023067 0.000000 1.000000
-0.222575 0.948247 0.226468 0.000000
0.110949 -0.206149 0.972210 0.000000
0.968582 0.241516 -0.059323 -0.000000
-0.034182 -0.524573 -1.554779 1.000000
BoneName: mixamorig5:LeftHandPinky4
BoneIndex: 32
ParentIndex: 31
ChildCount: 0
1.000000 0.000000 -0.000000 0.000000
0.000000 1.000000 -0.000000 0.000000
-0.000000 -0.000000 1.000000 -0.000000
-0.000003 0.019275 0.000000 1.000000
1.000000 0.000000 0.000000 0.000000
0.000000 1.000000 0.000000 0.000000
0.000000 0.000000 1.000000 0.000000
0.000000 0.000000 0.000000 1.000000
BoneName: mixamorig5:RightShoulder
BoneIndex: 33
ParentIndex: 5
ChildCount: 1
34
-0.034909 -0.000918 -0.999390 0.000000
-0.968664 -0.246027 0.034061 0.000000
-0.245908 0.969262 0.007700 -0.000000
-0.063223 0.118873 0.002099 1.000000
-0.034909 -0.968664 -0.245908 0.000000
0.151214 -0.248345 0.956796 0.000000
-0.987884 -0.003784 0.155145 -0.000000
-0.182422 0.305947 -1.436490 1.000000
BoneName: mixamorig5:RightArm
BoneIndex: 34
ParentIndex: 33
ChildCount: 1
35
0.999884 -0.015237 -0.000000 0.000000
0.015089 0.990160 0.139127 0.000000
-0.002120 -0.139111 0.990275 -0.000000
0.000000 0.128637 0.000000 1.000000
-0.020145 -0.993871 -0.108691 0.000000
0.154981 -0.110503 0.981718 0.000000
-0.987712 0.002932 0.156257 -0.000000
-0.185102 -0.027042 -1.446798 1.000000
BoneName: mixamorig5:RightForeArm
BoneIndex: 35
ParentIndex: 34
ChildCount: 1
36
0.994445 -0.105260 0.000000 0.000000
0.104344 0.985791 0.131636 0.000000
-0.013856 -0.130904 0.991298 -0.000000
0.000000 0.269191 0.000000 1.000000
0.084582 -0.996159 0.022636 0.000000
0.165751 0.036467 0.985493 0.000000
-0.982534 -0.079603 0.168199 -0.000000
-0.152892 -0.501789 -1.392865 1.000000
BoneName: mixamorig5:RightHand
BoneIndex: 36
ParentIndex: 35
ChildCount: 5
37
41
45
49
53
0.972981 0.035926 -0.228074 0.000000
-0.062821 0.991745 -0.111779 0.000000
0.222175 0.123087 0.967206 -0.000000
0.000000 0.248212 0.000000 1.000000
0.041345 -0.995780 -0.081928 0.000000
-0.062182 -0.084404 0.994489 0.000000
-0.997208 -0.036023 -0.065410 -0.000000
0.141970 -0.578512 -1.473472 1.000000
BoneName: mixamorig5:RightHandThumb1
BoneIndex: 37
ParentIndex: 36
ChildCount: 1
38
0.825086 -0.565007 0.000000 0.000000
0.526235 0.768468 -0.364052 0.000000
0.205692 0.300374 0.931379 -0.000000
0.026899 0.031962 -0.016249 1.000000
0.596736 -0.713641 -0.366909 0.000000
-0.003617 -0.459630 0.888103 0.000000
-0.802429 -0.528636 -0.276859 -0.000000
0.439866 0.121931 -1.516928 1.000000
BoneName: mixamorig5:RightHandThumb2
BoneIndex: 38
ParentIndex: 37
ChildCount: 1
39
1.000000 0.000000 -0.000000 0.000000
0.000000 0.986205 -0.165529 0.000000
-0.000000 0.165529 0.986205 -0.000000
0.003308 0.035706 -0.000000 1.000000
0.596736 -0.643063 -0.479975 0.000000
-0.003617 -0.600296 0.799770 0.000000
-0.802429 -0.475515 -0.360544 -0.000000
0.436559 0.336130 -1.481729 1.000000
BoneName: mixamorig5:RightHandThumb3
BoneIndex: 39
ParentIndex: 38
ChildCount: 1
40
1.000000 0.000000 -0.000000 0.000000
0.000000 0.975594 0.219580 0.000000
-0.000000 -0.219580 0.975594 -0.000000
-0.000881 0.031334 0.000000 1.000000
0.596736 -0.732762 -0.327057 0.000000
-0.003617 -0.410032 0.912064 0.000000
-0.802429 -0.543079 -0.247331 -0.000000
0.437439 -0.028001 -1.512494 1.000000
BoneName: mixamorig5:RightHandThumb4
BoneIndex: 40
ParentIndex: 39
ChildCount: 0
1.000000 0.000000 -0.000000 0.000000
0.000000 1.000000 -0.000000 0.000000
-0.000000 -0.000000 1.000000 -0.000000
-0.002427 0.024946 -0.000000 1.000000
1.000000 0.000000 0.000000 0.000000
0.000000 1.000000 0.000000 0.000000
0.000000 0.000000 1.000000 0.000000
0.000000 0.000000 0.000000 1.000000
BoneName: mixamorig5:RightHandIndex1
BoneIndex: 41
ParentIndex: 36
ChildCount: 1
42
0.985666 -0.168707 0.000000 0.000000
0.165979 0.969731 -0.179091 0.000000
0.030214 0.176524 0.983833 -0.000000
0.034657 0.101042 0.001317 1.000000
0.208748 -0.944103 -0.255133 0.000000
-0.047052 -0.270274 0.961633 0.000000
-0.976837 -0.188734 -0.100841 -0.000000
0.220421 -0.377051 -1.567660 1.000000
BoneName: mixamorig5:RightHandIndex2
BoneIndex: 42
ParentIndex: 41
ChildCount: 1
43
1.000000 0.000000 -0.000000 0.000000
0.000000 0.999849 -0.017372 0.000000
-0.000000 0.017372 0.999849 -0.000000
0.000004 0.030936 -0.000000 1.000000
0.208748 -0.939529 -0.271495 0.000000
-0.047052 -0.286938 0.956793 0.000000
-0.976837 -0.186954 -0.104104 -0.000000
0.220416 -0.380693 -1.574511 1.000000
BoneName: mixamorig5:RightHandIndex3
BoneIndex: 43
ParentIndex: 42
ChildCount: 1
44
1.000000 0.000000 -0.000000 0.000000
0.000000 0.998854 0.047852 0.000000
-0.000000 -0.047852 0.998854 -0.000000
0.000025 0.028265 -0.000000 1.000000
0.208748 -0.951444 -0.226226 0.000000
-0.047052 -0.240825 0.969427 0.000000
-0.976837 -0.191721 -0.095039 -0.000000
0.220391 -0.483833 -1.553138 1.000000
BoneName: mixamorig5:RightHandIndex4
BoneIndex: 44
ParentIndex: 43
ChildCount: 0
1.000000 0.000000 -0.000000 0.000000
0.000000 1.000000 -0.000000 0.000000
-0.000000 -0.000000 1.000000 -0.000000
-0.000029 0.024749 0.000000 1.000000
1.000000 0.000000 0.000000 0.000000
0.000000 1.000000 0.000000 0.000000
0.000000 0.000000 1.000000 0.000000
0.000000 0.000000 0.000000 1.000000
BoneName: mixamorig5:RightHandMiddle1
BoneIndex: 45
ParentIndex: 36
ChildCount: 1
46
0.999145 0.041336 -0.000000 0.000000
-0.041084 0.993065 -0.110152 0.000000
-0.004553 0.110058 0.993915 -0.000000
0.011434 0.101465 0.003097 1.000000
0.000149 -0.981549 -0.191212 0.000000
-0.065618 -0.190809 0.979432 0.000000
-0.997845 0.012401 -0.064436 -0.000000
0.102317 -0.517976 -1.543015 1.000000
BoneName: mixamorig5:RightHandMiddle2
BoneIndex: 46
ParentIndex: 45
ChildCount: 1
47
1.000000 0.000000 -0.000000 0.000000
0.000000 0.996866 -0.079112 0.000000
-0.000000 0.079112 0.996866 -0.000000
-0.000016 0.034091 0.000000 1.000000
0.000149 -0.963345 -0.268264 0.000000
-0.065618 -0.267696 0.961267 0.000000
-0.997845 0.017460 -0.063253 -0.000000
0.102333 -0.428267 -1.581853 1.000000
BoneName: mixamorig5:RightHandMiddle3
BoneIndex: 47
ParentIndex: 46
ChildCount: 1
48
1.000000 0.000000 -0.000000 0.000000
0.000000 0.999786 -0.020705 0.000000
-0.000000 0.020705 0.999786 -0.000000
0.000006 0.032457 0.000000 1.000000
0.000149 -0.957585 -0.288152 0.000000
-0.065618 -0.287541 0.955518 0.000000
-0.997845 0.018766 -0.062878 -0.000000
0.102327 -0.427873 -1.591053 1.000000
BoneName: mixamorig5:RightHandMiddle4
BoneIndex: 48
ParentIndex: 47
ChildCount: 0
1.000000 0.000000 -0.000000 0.000000
0.000000 1.000000 -0.000000 0.000000
-0.000000 -0.000000 1.000000 -0.000000
0.000010 0.029376 -0.000000 1.000000
1.000000 0.000000 0.000000 0.000000
0.000000 1.000000 0.000000 0.000000
0.000000 0.000000 1.000000 0.000000
0.000000 0.000000 0.000000 1.000000
BoneName: mixamorig5:RightHandRing1
BoneIndex: 49
ParentIndex: 36
ChildCount: 1
50
0.996630 0.082023 -0.000000 0.000000
-0.081950 0.995739 -0.042279 0.000000
-0.003468 0.042136 0.999106 -0.000000
-0.012470 0.103005 -0.000202 1.000000
-0.040471 -0.991462 -0.123957 0.000000
-0.068896 -0.120994 0.990259 0.000000
-0.996803 0.048617 -0.063411 -0.000000
0.098020 -0.628981 -1.501205 1.000000
BoneName: mixamorig5:RightHandRing2
BoneIndex: 50
ParentIndex: 49
ChildCount: 1
51
1.000000 0.000000 -0.000000 0.000000
0.000000 0.973823 -0.227308 0.000000
-0.000000 0.227308 0.973823 -0.000000
-0.000004 0.028930 0.000000 1.000000
-0.040471 -0.937332 -0.346079 0.000000
-0.068896 -0.342921 0.936834 0.000000
-0.996803 0.061758 -0.050700 -0.000000
0.098023 -0.299453 -1.611456 1.000000
BoneName: mixamorig5:RightHandRing3
BoneIndex: 51
ParentIndex: 50
ChildCount: 1
52
1.000000 0.000000 -0.000000 0.000000
0.000000 0.978386 0.206789 0.000000
-0.000000 -0.206789 0.978386 -0.000000
0.000006 0.027985 0.000000 1.000000
-0.040471 -0.988637 -0.144770 0.000000
-0.068896 -0.141782 0.987497 0.000000
-0.996803 0.049939 -0.062375 -0.000000
0.098018 -0.653590 -1.508916 1.000000
BoneName: mixamorig5:RightHandRing4
BoneIndex: 52
ParentIndex: 51
ChildCount: 0
1.000000 0.000000 -0.000000 0.000000
0.000000 1.000000 -0.000000 0.000000
-0.000000 -0.000000 1.000000 -0.000000
-0.000002 0.022116 -0.000000 1.000000
1.000000 0.000000 0.000000 0.000000
0.000000 1.000000 0.000000 0.000000
0.000000 0.000000 1.000000 0.000000
0.000000 0.000000 0.000000 1.000000
BoneName: mixamorig5:RightHandPinky1
BoneIndex: 53
ParentIndex: 36
ChildCount: 1
54
0.951698 0.307034 0.000000 0.000000
-0.304024 0.942367 -0.139690 0.000000
-0.042890 0.132943 0.990195 -0.000000
-0.033621 0.093650 0.001687 1.000000
-0.266390 -0.939516 -0.215280 0.000000
-0.085094 -0.199555 0.976185 0.000000
-0.960102 0.278365 -0.026787 -0.000000
-0.039267 -0.480742 -1.557586 1.000000
BoneName: mixamorig5:RightHandPinky2
BoneIndex: 54
ParentIndex: 53
ChildCount: 1
55
1.000000 0.000000 -0.000000 0.000000
0.000000 0.984422 -0.175820 0.000000
-0.000000 0.175820 0.984422 -0.000000
0.000061 0.027904 0.000000 1.000000
-0.266390 -0.887030 -0.377113 0.000000
-0.085094 -0.368079 0.925892 0.000000
-0.960102 0.278739 0.022572 -0.000000
-0.039328 -0.226867 -1.622752 1.000000
BoneName: mixamorig5:RightHandPinky3
BoneIndex: 55
ParentIndex: 54
ChildCount: 1
56
1.000000 0.000000 -0.000000 0.000000
0.000000 0.991348 0.131262 0.000000
-0.000000 -0.131262 0.991348 -0.000000
-0.000088 0.022320 0.000000 1.000000
-0.266390 -0.928856 -0.257416 0.000000
-0.085094 -0.243360 0.966196 0.000000
-0.960102 0.279290 -0.014211 -0.000000
-0.039240 -0.460037 -1.576003 1.000000
BoneName: mixamorig5:RightHandPinky4
BoneIndex: 56
ParentIndex: 55
ChildCount: 0
1.000000 0.000000 -0.000000 0.000000
0.000000 1.000000 -0.000000 0.000000
-0.000000 -0.000000 1.000000 -0.000000
0.000026 0.018398 0.000000 1.000000
1.000000 0.000000 0.000000 0.000000
0.000000 1.000000 0.000000 0.000000
0.000000 0.000000 1.000000 0.000000
0.000000 0.000000 0.000000 1.000000
BoneName: mixamorig5:LeftUpLeg
BoneIndex: 57
ParentIndex: 2
ChildCount: 1
58
-0.997254 -0.074016 0.002465 0.000000
0.074057 -0.996702 0.033187 0.000000
0.000000 0.033278 0.999446 -0.000000
0.093739 -0.049106 0.005255 1.000000
-0.997254 0.074058 0.000000 0.000000
-0.074016 -0.996702 0.033278 0.000000
0.002465 0.033187 0.999446 -0.000000
0.167697 0.992832 -0.014639 1.000000
BoneName: mixamorig5:LeftLeg
BoneIndex: 58
ParentIndex: 57
ChildCount: 1
59
0.999657 0.026198 -0.000000 0.000000
-0.026198 0.999649 -0.003910 0.000000
-0.000102 0.003908 0.999992 -0.000000
0.000000 0.432869 -0.000000 1.000000
-0.994972 0.100158 0.000392 0.000000
-0.100103 -0.994543 0.029390 0.000000
0.003333 0.029203 0.999568 -0.000000
0.182309 0.555430 -0.012467 1.000000
BoneName: mixamorig5:LeftFoot
BoneIndex: 59
ParentIndex: 58
ChildCount: 1
60
0.999751 -0.000000 -0.022304 0.000000
-0.017693 0.608920 -0.793035 0.000000
0.013582 0.793232 0.608768 -0.000000
0.000000 0.457133 -0.000000 1.000000
-0.994733 0.078281 0.066173 0.000000
-0.100734 -0.627133 -0.772371 0.000000
-0.018962 -0.774968 0.631715 -0.000000
0.182542 0.066516 0.072858 1.000000
BoneName: mixamorig5:LeftToeBase
BoneIndex: 60
ParentIndex: 59
ChildCount: 1
61
0.987586 0.000000 -0.157077 0.000000
-0.094363 0.799442 -0.593286 0.000000
0.125574 0.600744 0.789518 -0.000000
-0.000000 0.181687 0.000000 1.000000
-0.992779 0.117187 -0.025640 0.000000
0.021838 -0.033614 -0.999196 0.000000
-0.117955 -0.992541 0.030812 -0.000000
0.168831 -0.152523 0.011257 1.000000
BoneName: mixamorig5:LeftToe_End
BoneIndex: 61
ParentIndex: 60
ChildCount: 0
1.000000 0.000000 -0.000000 0.000000
0.000000 1.000000 -0.000000 0.000000
-0.000000 -0.000000 1.000000 -0.000000
-0.000000 0.068991 -0.000000 1.000000
1.000000 0.000000 0.000000 0.000000
0.000000 1.000000 0.000000 0.000000
0.000000 0.000000 1.000000 0.000000
0.000000 0.000000 0.000000 1.000000
BoneName: mixamorig5:RightUpLeg
BoneIndex: 62
ParentIndex: 2
ChildCount: 1
63
-0.997255 0.073990 -0.002843 0.000000
-0.074044 -0.996520 0.038287 0.000000
0.000000 0.038392 0.999263 -0.000000
-0.093739 -0.049106 0.005413 1.000000
-0.997255 -0.074044 -0.000000 0.000000
0.073989 -0.996520 0.038392 0.000000
-0.002843 0.038287 0.999263 -0.000000
-0.167736 0.992736 -0.019927 1.000000
BoneName: mixamorig5:RightLeg
BoneIndex: 63
ParentIndex: 62
ChildCount: 1
64
0.999656 -0.026212 -0.000000 0.000000
0.026211 0.999622 -0.008300 0.000000
0.000218 0.008297 0.999966 -0.000000
0.000000 0.432948 -0.000000 1.000000
-0.994971 -0.100155 -0.000831 0.000000
0.100085 -0.994522 0.030139 0.000000
-0.003845 0.029904 0.999545 -0.000000
-0.182352 0.555345 -0.015318 1.000000
BoneName: mixamorig5:RightFoot
BoneIndex: 64
ParentIndex: 63
ChildCount: 1
65
0.999746 0.000000 0.022530 0.000000
0.017982 0.602488 -0.797925 0.000000
-0.013574 0.798128 0.602335 -0.000000
-0.000000 0.457143 -0.000000 1.000000
-0.994738 -0.077570 -0.066932 0.000000
0.100739 -0.621436 -0.776961 0.000000
0.018675 -0.779615 0.625980 -0.000000
-0.182650 0.068109 0.071626 1.000000
BoneName: mixamorig5:RightToeBase
BoneIndex: 65
ParentIndex: 64
ChildCount: 1
66
0.987097 0.000000 0.160123 0.000000
0.095243 0.803868 -0.587133 0.000000
-0.128718 0.594808 0.793495 -0.000000
-0.000000 0.183350 0.000000 1.000000
-0.992620 -0.117800 0.028791 0.000000
-0.024971 -0.033778 -0.999117 0.000000
0.118668 -0.992463 0.030587 -0.000000
-0.168825 -0.152089 0.011799 1.000000
BoneName: mixamorig5:RightToe_End
BoneIndex: 66
ParentIndex: 65
ChildCount: 0
1.000000 0.000000 -0.000000 0.000000
0.000000 1.000000 -0.000000 0.000000
-0.000000 -0.000000 1.000000 -0.000000
0.000000 0.068632 -0.000000 1.000000
1.000000 0.000000 0.000000 0.000000
0.000000 1.000000 0.000000 0.000000
0.000000 0.000000 1.000000 0.000000
0.000000 0.000000 0.000000 1.000000
